3.502706809181639347e+00
1.965140836926431600e+00
3.853129816624229154e+00
1.646502331677078601e+00
3.349273304454046141e+00
2.220327075157852548e+00
1.559013080956389796e+00
1.526864420023127611e+00
3.852293017741343473e+00
3.874913255821713420e+00
3.340069390315609787e+00
3.854833262518742920e+00
3.863834969633362260e+00
1.464305236132091181e+00
3.372438212417916414e+00
1.471599045341773770e+00
3.856803532052742067e+00
3.823873918129088612e+00
3.851322179709284921e+00
3.878320748693869113e+00
3.886543487339620295e+00
3.874990771412677670e+00
1.494950187889857229e+00
3.873475270220204436e+00
3.851835726187844866e+00
3.419327599780901394e+00
3.865560013658411620e+00
3.876095760581624639e+00
3.858034073546385390e+00
1.965140836926431600e+00
3.849095757986966237e+00
1.748551922715711360e+00
2.896615850996385078e+00
3.878237262754810732e+00
3.290551114637075170e+00
3.865760085007814872e+00
1.544022904530545137e+00
3.864117796335174493e+00
1.469011668225210343e+00
3.840825315603470624e+00
1.557159372956191223e+00
2.290377710391220845e+00
1.468305049348744618e+00
1.523149037580670218e+00
1.487177406996323725e+00
1.463224610656128188e+00
1.417366139111899681e+00
3.882416696978885806e+00
3.852686526359335506e+00
3.794774013565665793e+00
3.876118004635276115e+00
3.867814689877766998e+00
1.452952515866335226e+00
3.873569275351534280e+00
3.161151490047187540e+00
3.860004774944441053e+00
3.843537813440269790e+00
2.044840357038784528e+00
3.852242128614090433e+00
3.319587559497106266e+00
3.865471844734674089e+00
3.840643997844584323e+00
3.882209195106070432e+00
3.853108781908063829e+00
1.489698471687456838e+00
3.860313281496321469e+00
3.851772165087587130e+00
3.573443869398212680e+00
1.573398071056932412e+00
1.695906563322456595e+00
3.289668969420550315e+00
3.862919093873316445e+00
3.428302064456103970e+00
1.502361354044660313e+00
1.646104556830975785e+00
3.876628983923569027e+00
3.854870470888536627e+00
3.852662925866102483e+00
3.850972448506225998e+00
3.489539246605757317e+00
3.855788934692461201e+00
3.637214905729854841e+00
3.833959272716372713e+00
3.857084545612952997e+00
3.863810868173422897e+00
3.855839330744572191e+00
2.377479944339692342e+00
3.863343030030101488e+00
1.607267082512294554e+00
2.055260098759169818e+00
1.510107754556810900e+00
3.864157570947470255e+00
3.585990879770261319e+00
1.417498146919822233e+00
3.863525839789889726e+00
3.855365496102865386e+00
3.859622514852337094e+00
1.452575864128279104e+00
3.860667156620845031e+00
3.872314428803589781e+00
1.546996692862932399e+00
2.415090611719334923e+00
3.871321711368968632e+00
1.651967986442844261e+00
3.441188649002544064e+00
1.652277966109759522e+00
3.865342436497567924e+00
1.743740546823885573e+00
3.856344435733426668e+00
3.882531251115494353e+00
3.238163187852273861e+00
3.331393899368329858e+00
1.469088275883319916e+00
3.861311230829547192e+00
1.850989504323124368e+00
3.603960287723761535e+00
2.236390843516914195e+00
1.593290450018321813e+00
1.463955434577090209e+00
3.861701139230400148e+00
3.363106731669814220e+00
3.859584483794308074e+00
1.688949507076982659e+00
1.506152595197237432e+00
3.556269852570620227e+00
3.871647953944048481e+00
3.863001546878340964e+00
1.458578966698356627e+00
3.867994707458731085e+00
3.864589718648772987e+00
3.845209444338526517e+00
3.814198063716200959e+00
3.860970255768554349e+00
3.872999166056065423e+00
3.459738093433823547e+00
3.870795320079553736e+00
2.396849870468745980e+00
1.486243202003087571e+00
3.868135538625351533e+00
3.863342358499626705e+00
3.841272304521708758e+00
1.523524844972352632e+00
3.861224919511514031e+00
1.470922235755131702e+00
1.464102461120666998e+00
3.345169459854635097e+00
1.494846497290453602e+00
3.879367560812804427e+00
3.868381147887314242e+00
1.528558849323684132e+00
2.265401932829640863e+00
3.868252426573128400e+00
3.415979853045387316e+00
1.729678222205886406e+00
3.865194542055073068e+00
3.629755226237251886e+00
3.850567762226581703e+00
3.862779361684431034e+00
1.850155834619252815e+00
1.568074884920231504e+00
3.853932802361672127e+00
3.841597372450669123e+00
3.859718260135553969e+00
3.861454051057442882e+00
3.879107043942506827e+00
3.869032185782832922e+00
3.851301784778723647e+00
3.862163374555538820e+00
3.852774869645488653e+00
2.180707854813738411e+00
1.399674544669425202e+00
2.277373596327756822e+00
3.868525642104207574e+00
3.487705319900596290e+00
1.513206507042781368e+00
3.879150457799197760e+00
3.871223108771059795e+00
1.500942507837278228e+00
3.864596144049153192e+00
3.862343296560553974e+00
3.831018433025634717e+00
3.855866448142532654e+00
3.346116539604740314e+00
2.025391286972525240e+00
3.878858815480144884e+00
1.539296227010937379e+00
3.867622535272255302e+00
1.450051163190769987e+00
1.476756502111232550e+00
3.861380072527449858e+00
3.397245735920741971e+00
1.501999014492893192e+00
1.892803065914756999e+00
1.725857127547758996e+00
1.667032658468868167e+00
1.717431696569017063e+00
1.465329744971019199e+00
3.856053427206770134e+00
3.878369505882793611e+00
3.873506267892421029e+00
3.868654108847723538e+00
1.568961574696048356e+00
3.754257924759143439e+00
3.469187563091203241e+00
3.854939150619350663e+00
1.462916393930242975e+00
3.857823884634816292e+00
3.419327599780901394e+00
3.855018511261036895e+00
3.888330524787819709e+00
1.556682610688116419e+00
1.486518279308193691e+00
3.337655198724494010e+00
3.850582492498422216e+00
3.862457190190273781e+00
1.464170470519786438e+00
3.863560131657040042e+00
3.863861836280344075e+00
1.751790095519710100e+00
3.363181252416368672e+00
1.582914783738583075e+00
1.709091859463052643e+00
3.874162894161120807e+00
3.845168680601599220e+00
3.875912546655168267e+00
3.866199218477522681e+00
1.509335615254891128e+00
1.493806032156085539e+00
3.852165340946104521e+00
3.879962889132833492e+00
2.259113561827087668e+00
1.905426891058491723e+00
1.502142212147752343e+00
2.377168688308370026e+00
1.464198408692865883e+00
2.910813313780807210e+00
3.863072096368094233e+00
3.327721021674368007e+00
1.500758171915339112e+00
1.547432190255400020e+00
3.864171806202015613e+00
3.854526430876320298e+00
3.845782213564391316e+00
1.679340395730437585e+00
1.559922872937855143e+00
3.864032975495702349e+00
1.504152522835066286e+00
3.329874895401521595e+00
1.493787116573218832e+00
3.857865641834244297e+00
1.462113494963346749e+00
3.867809059746200262e+00
3.845210436889687333e+00
3.861618923291671557e+00
3.870235601509310452e+00
1.464052622963005756e+00
3.864719792355098438e+00
3.849609313790058440e+00
3.822304774472685462e+00
3.841083419419001110e+00
3.377202156953956536e+00
3.849691664179700101e+00
3.446234209563059814e+00
1.489736473735403521e+00
3.855846790182720252e+00
3.860414736192625096e+00
3.863145318654284122e+00
1.605770172813504981e+00
1.661156408000685314e+00
3.850266514826893971e+00
2.750217375955620547e+00
3.841685642441491577e+00
3.854354267669477085e+00
1.541869453695261072e+00
3.860123247891167342e+00
3.838214494676355670e+00
1.886270701372721348e+00
3.860313281496321469e+00
1.545608077163095118e+00
1.656065651700243446e+00
1.482310192368028190e+00
1.489664328774877422e+00
3.875460733751673548e+00
1.891317030293294010e+00
3.460140866306340879e+00
3.861120179318160428e+00
3.850113559475014657e+00
3.874613006991159292e+00
3.855049077696198534e+00
2.063661192521146770e+00
3.871769221838090580e+00
1.962768805690114249e+00
1.481836871438583447e+00
1.573353305553438108e+00
3.861105627611359559e+00
3.868356196039497430e+00
3.802685097151500493e+00
3.856860022509321695e+00
3.857963442284786826e+00
3.851412748066446401e+00
1.606791565404981803e+00
1.525172458028807743e+00
1.518768654337761870e+00
1.526411395489327028e+00
3.844039047025032740e+00
1.546996692862932399e+00
3.861641095905977483e+00
3.845621623248563381e+00
1.605641192604429612e+00
3.857061438090927386e+00
1.467862543076844162e+00
3.852817240141881872e+00
3.309575823716387699e+00
3.861775934686925371e+00
3.861001094557766411e+00
3.854879418144210756e+00
3.867214862513992824e+00
2.287852458100715580e+00
1.540341865508854102e+00
3.861313558810500091e+00
3.875499650027426579e+00
3.845059679622989446e+00
3.879944802838736440e+00
1.505745411984455107e+00
2.303407103614135032e+00
3.867304435818642361e+00
3.865483345944964899e+00
3.868926461244481807e+00
3.849547269204625533e+00
2.517422015178140349e+00
3.845284240799849318e+00
3.863959615323928620e+00
1.501770059726031281e+00
1.665974651460079947e+00
2.292967808186049172e+00
1.468793589727275695e+00
3.870442598478657015e+00
3.793520307241637912e+00
3.878745513830808900e+00
3.855004261383326192e+00
3.871045771109600242e+00
1.450793186777354915e+00
1.605648924905711095e+00
3.853260863305595141e+00
1.707825716329971044e+00
2.239513979594183191e+00
1.626048596920669276e+00
3.867912569227434982e+00
3.863218218622291200e+00
3.365912671594842198e+00
3.876301638296859586e+00
3.857598627572877970e+00
3.856740541592347693e+00
1.462013007686657318e+00
3.862689495740747159e+00
1.471020641047743993e+00
1.899234463613101109e+00
3.837119255248942817e+00
3.847406552555030945e+00
1.711654320992593181e+00
3.844442519341570108e+00
3.858064101334804707e+00
3.877542162304700391e+00
1.501184473338127212e+00
3.857692281273866097e+00
3.861474245558822016e+00
3.868448601966154587e+00
3.454091457260055620e+00
3.860929251512198679e+00
1.569301942460799015e+00
1.528319104275143392e+00
3.853860537105760375e+00
3.424090227231636696e+00
1.444722400913949656e+00
3.872575958154174547e+00
3.841710192584423478e+00
3.738365745609129043e+00
3.864032112959681076e+00
3.870083961154145324e+00
3.507553928620195993e+00
1.489674521884598146e+00
1.399674544669425202e+00
3.278579873710457893e+00
3.855460168778354291e+00
2.278268789730018451e+00
2.392954265622311727e+00
3.870653539095327833e+00
3.856561326542272905e+00
3.852680861798341905e+00
3.865492723326532154e+00
1.576908699294318872e+00
3.867761423301784074e+00
3.419327599780901394e+00
3.878073214687263626e+00
2.185077027581331599e+00
1.459427730144007729e+00
3.873664535100319828e+00
1.612807408635324347e+00
1.605748612536902709e+00
3.875544574887369809e+00
3.843931571416851600e+00
3.849994588643708582e+00
3.877176311786684426e+00
3.856672702141228370e+00
3.445006807538118832e+00
1.495459802343369393e+00
1.513068780239704925e+00
2.175693544316040118e+00
3.873371436557241587e+00
3.855370171763056408e+00
3.858842534749440834e+00
3.859350020365294842e+00
1.464155075913193382e+00
3.368799254735335591e+00
3.517668344608909869e+00
3.503212593917818030e+00
2.194136865230940536e+00
3.864485592887498822e+00
1.492597656408876983e+00
3.875285494759144189e+00
1.541793050550388955e+00
3.846531716985098104e+00
1.547800506014900268e+00
1.493251650005650077e+00
1.858568312908743358e+00
1.469092034617399900e+00
3.870089885435851418e+00
3.635097788855078171e+00
3.412058558118468365e+00
3.858478910542094908e+00
1.533785854888702893e+00
2.706057034505388703e+00
3.855557442517699496e+00
3.868091010397327612e+00
3.856493063091469775e+00
1.540066949597593826e+00
3.854275223732494648e+00
3.863793238290652798e+00
3.864207295021214517e+00
3.852983334173276209e+00
3.880566895369053970e+00
1.525979826447252830e+00
3.871988555758940187e+00
3.856178746568804439e+00
1.524851149510489723e+00
3.866694159103377881e+00
3.883353513240101140e+00
1.386466082789061360e+00
3.872310302093797230e+00
3.878353751259882021e+00
1.652676754163736383e+00
3.885499713833875379e+00
3.863828428250541958e+00
1.568722999100762738e+00
1.463203058225856168e+00
3.852785135956089402e+00
3.878941862398733509e+00
1.544448510960356735e+00
1.460263822908048237e+00
3.822048945022758826e+00
1.445416449298428052e+00
3.859698240479265241e+00
1.569577435969267576e+00
3.852782404601112098e+00
1.507901583867335304e+00
3.867639721138597775e+00
1.660115163795542692e+00
3.856464704675084842e+00
3.869033774837119299e+00
3.873211315089900797e+00
3.457791566901593061e+00
1.593123147493181069e+00
1.463705091221076504e+00
3.854409225910852665e+00
1.539391857393326735e+00
1.482937066375690449e+00
1.556844015061125130e+00
1.479215449414623684e+00
3.859311839712031400e+00
3.311528716118710136e+00
3.287836112610380557e+00
3.860099551647236726e+00
1.452607920944456232e+00
1.503673301441067256e+00
1.465472368224343125e+00
1.507500199655936512e+00
1.708601152106073773e+00
3.881995106786624294e+00
3.881566415380839796e+00
3.416272908026332988e+00
3.862739814253684845e+00
2.060282382347001118e+00
3.880603097582596028e+00
1.425140648484452210e+00
3.865677764626211488e+00
1.572604216944024635e+00
2.084659502206319015e+00
3.833771394088234974e+00
3.861563886103446475e+00
1.546977941018044866e+00
1.468311489952252469e+00
1.483778244794121015e+00
3.873972172450499851e+00
3.855219450344624654e+00
3.869925400538819282e+00
1.470693267259372217e+00
3.861659810971919793e+00
3.865097335611062945e+00
3.853304609426384086e+00
3.852952398497217601e+00
3.872623434880955617e+00
1.661843629222254037e+00
3.861668990060838969e+00
3.867272479115554162e+00
3.852786236439202039e+00
3.838726724553328751e+00
3.866500195012750662e+00
1.468592453639068207e+00
3.851364396751382202e+00
2.458352937359097989e+00
3.859948992316356797e+00
1.737626660089572006e+00
3.727371670625031719e+00
3.424893357790581128e+00
3.866538983936572915e+00
3.865061995489422753e+00
3.828901087210593079e+00
3.867594914246298643e+00
1.486243202003087571e+00
1.606453698380891026e+00
3.848562792302870239e+00
1.444075475788552332e+00
3.873033507665008646e+00
1.459887960476347502e+00
3.867087659921919496e+00
3.862910673565212338e+00
1.466677950467828229e+00
3.861309553694158847e+00
3.863533941338057165e+00
3.815641060997098766e+00
1.504426794660748357e+00
3.841547840983655426e+00
1.425676239634542597e+00
1.557102820182098224e+00
1.543621323246373578e+00
1.463883809251965484e+00
3.850370718851266805e+00
3.353367285883340987e+00
3.366729985398843272e+00
3.881515422630883005e+00
1.593187028013586470e+00
3.844758756100142616e+00
3.873211315089900797e+00
1.495459802343369393e+00
3.863262294676087283e+00
3.854995715076303675e+00
3.851301784778723647e+00
3.831150375263208563e+00
3.835771630179071856e+00
2.165445457716486555e+00
3.881909774495994281e+00
3.876453677865734804e+00
1.787394683538483964e+00
1.489687319891712658e+00
1.910483313483150258e+00
1.584171565755836841e+00
3.462515220927837145e+00
3.855948282369193070e+00
1.426616975005672305e+00
3.849075801464763469e+00
3.859559561448762111e+00
3.853459817275441956e+00
1.593338403757804667e+00
3.861433457483106846e+00
3.844819485843647300e+00
1.399682871235423232e+00
3.861898141517380090e+00
3.858321504953823755e+00
3.861309553694158847e+00
3.865585824337599341e+00
3.310108518337509853e+00
3.872764682918411250e+00
3.861084358012398354e+00
3.865866899208405982e+00
3.865704959968943033e+00
3.360633889207448544e+00
3.864791332543326075e+00
3.867583353550143155e+00
3.850266514826893971e+00
3.877820265728454618e+00
3.860294358354669164e+00
3.502634794799286855e+00
3.870052470068296557e+00
1.672284188312519682e+00
3.865767646499246091e+00
3.855698335807976829e+00
3.797615595035897851e+00
3.867082427993223437e+00
1.468337244632586636e+00
2.107696574259327882e+00
2.061529799358886805e+00
3.545853376461078010e+00
3.833052610223414813e+00
3.847616503940740618e+00
3.868658527196634278e+00
3.879780355069984310e+00
1.502540393278386510e+00
3.853192680941581738e+00
3.846236240552662444e+00
1.465577177776142381e+00
3.846244420522065166e+00
3.886091392760109287e+00
3.327297124254055216e+00
3.868926461244481807e+00
3.851151413619040564e+00
1.535174302774299893e+00
1.471514327678608680e+00
1.524579525591978957e+00
3.845596028989609838e+00
3.854886064777813370e+00
3.821967258321259830e+00
3.356140710874222943e+00
1.461302064352269614e+00
3.872968575483668463e+00
3.486026095735617059e+00
3.863533908246942428e+00
3.883626112654150031e+00
3.855191588289446525e+00
3.859112449991903393e+00
3.859584483794308074e+00
3.885499713833875379e+00
1.632567621081048248e+00
3.835390140413875937e+00
3.319995963276099804e+00
3.437213630740301618e+00
1.496858242563789076e+00
3.881027440953490171e+00
3.872485057335795400e+00
1.547927084750994720e+00
1.927213902439364190e+00
3.857950587051099500e+00
3.865441278020678162e+00
3.867159412345102076e+00
3.859211242437289080e+00
3.538379340562634479e+00
2.813004488228345590e+00
3.855004556817431816e+00
3.873028668565836607e+00
3.858584991204921710e+00
1.500569671178415110e+00
1.471657599272887751e+00
1.515764672374601663e+00
3.874996946374624773e+00
3.853187370809484147e+00
1.651668295839191281e+00
1.555381309316743899e+00
1.523444034094366017e+00
3.645039176096533495e+00
3.876197906561178019e+00
3.855797316926071083e+00
1.714914752009454091e+00
3.851549586818297399e+00
1.678209637388131004e+00
3.856941948849319513e+00
3.853478390447859336e+00
3.887649454851521025e+00
3.871647953944048481e+00
3.295217024794018457e+00
1.492293922245198967e+00
3.870653539095327833e+00
3.879852944279523097e+00
1.463615211084498213e+00
1.499057256458342646e+00
3.861105627611359559e+00
1.568448293007537409e+00
3.490488969940702901e+00
2.676419160151943810e+00
3.857953960881016275e+00
3.837903041534776793e+00
3.883499167710772859e+00
3.853190731172992489e+00
3.462033155050990185e+00
3.207122907541871015e+00
1.636999042468017862e+00
2.669588382667672288e+00
3.860452852785670519e+00
3.867628539706324364e+00
3.368799254735335591e+00
3.861919361914008864e+00
3.864347216516498928e+00
3.417525263038976746e+00
1.492036034894605567e+00
3.858409553549843718e+00
1.510567693801291522e+00
1.468853339212405906e+00
3.407440782702564785e+00
3.815955469689642943e+00
3.856859275654780816e+00
3.861992317728121460e+00
3.410049720311261634e+00
3.656191063532688634e+00
3.834262804178008466e+00
3.417525263038976746e+00
3.854825871795264813e+00
2.632856544507846230e+00
1.483020016515781858e+00
3.869820353141605551e+00
3.875598704233284675e+00
3.845161860087340511e+00
1.465350354757017470e+00
1.759894865827884125e+00
3.443061030606085371e+00
3.863644865114240101e+00
1.593561113551314357e+00
2.035786089807167354e+00
3.856565066071403702e+00
1.500554925545520835e+00
3.851014607777099030e+00
1.538155540198088200e+00
3.877189833608261083e+00
3.342881831168549756e+00
3.863961542925697046e+00
1.712236855562062399e+00
1.409239769361791961e+00
3.851073858387511262e+00
1.563703453680505451e+00
3.864634994767328191e+00
1.469209503444540488e+00
1.870087487558141248e+00
1.537751276378802601e+00
1.489691851869038075e+00
3.876357826606386947e+00
3.838332589625594427e+00
3.407785591397455516e+00
3.846374584904840965e+00
3.859426340037237058e+00
3.858133211467331680e+00
3.857736963446029232e+00
1.594707637483503859e+00
3.864923377474524191e+00
1.464506380875445934e+00
2.544283544908340300e+00
3.853478390447859336e+00
3.853478390447859336e+00
1.738262114163794170e+00
3.853816890611946544e+00
1.550370503915201148e+00
2.718252960877776570e+00
3.467237143436961322e+00
1.489856424303391602e+00
1.870706926631120037e+00
3.875957788997822728e+00
3.868520879118077627e+00
1.481728033317065929e+00
3.494004930439630119e+00
3.832600570638954540e+00
2.058541576915186688e+00
3.837673678975265457e+00
2.293969575563000518e+00
3.837031335308890956e+00
3.480371300354959008e+00
1.506494138347016065e+00
3.855050661296548942e+00
3.864811721876971973e+00
1.557070610272421884e+00
1.816041913191777546e+00
1.482866188247916828e+00
3.857909674554108381e+00
3.864520995845199369e+00
3.874332430669726879e+00
3.844100219633025173e+00
3.864642166203882567e+00
3.867261598038067572e+00
1.481528954420414657e+00
3.838332589625594427e+00
3.876663165531505140e+00
1.547047136327556416e+00
3.861454051057442882e+00
1.876543922621435101e+00
1.463570401025982459e+00
3.859813858372953543e+00
1.547177386407978972e+00
3.838792552480265297e+00
3.863909652737850919e+00
3.855194255188245656e+00
3.874885344273975019e+00
2.318811988297741156e+00
3.378651201059139630e+00
1.450712344600403103e+00
1.499924930232520381e+00
1.538957351734493884e+00
1.593135517169988358e+00
3.861965889458879975e+00
1.895687581789431864e+00
3.853285828448366868e+00
3.871637846086483759e+00
1.417390783373795315e+00
1.469160184834431782e+00
3.856415468080534925e+00
3.383282598160099131e+00
1.539026416293535426e+00
3.878941862398733509e+00
1.819877811843815696e+00
1.499739535215598885e+00
3.859534985010391495e+00
3.319587559497106266e+00
3.859742625529346771e+00
3.851730857485170301e+00
3.860525314075843539e+00
3.856534906852261191e+00
3.852785135956089402e+00
3.879042494261851104e+00
3.864171806202015613e+00
3.870653539095327833e+00
1.502159354658210155e+00
2.240234404131529189e+00
3.838218178125132329e+00
3.864551940993544488e+00
1.781713799407024901e+00
1.563904483911267462e+00
1.458638933662499415e+00
3.861371746328339238e+00
1.536564786412097483e+00
1.637129811648617927e+00
1.991074172480034488e+00
1.773779784845812557e+00
3.864458317540901966e+00
3.872795706089145362e+00
1.661138117089769661e+00
3.860451481019377074e+00
3.870653539095327833e+00
3.861199885668917808e+00
3.859081770523252075e+00
3.871077777727838676e+00
3.850603393613850400e+00
3.845247269252778377e+00
1.557196123297671875e+00
3.845968528930416408e+00
1.826173190555719916e+00
1.495220649794302137e+00
3.850983022700256608e+00
3.864634994767328191e+00
3.878240909726673014e+00
1.481435613960978781e+00
3.864256517773471344e+00
1.537796176241624568e+00
1.902477614800888617e+00
1.463299184491556826e+00
1.544327639220027582e+00
3.747254205005681627e+00
3.858052152472897234e+00
2.177053661004203722e+00
3.874825535438576996e+00
1.458600389681747878e+00
3.862225114604566301e+00
2.559479981502778223e+00
3.863185977988921938e+00
3.861837904496721485e+00
3.864278364671883015e+00
3.861778395334653613e+00
1.386382585843375814e+00
2.610979691379982537e+00
3.851073858387511262e+00
3.851029853684531989e+00
3.875544574887369809e+00
1.489655988551874088e+00
3.851334212152410785e+00
2.028861611613887117e+00
3.853416474839499895e+00
1.386383607739103407e+00
3.219417340471522060e+00
1.858745770589675494e+00
3.879578866458853081e+00
1.571212763604127538e+00
3.873975189283969112e+00
3.861586401710278782e+00
1.492439138400137200e+00
3.858015300420252203e+00
3.873688001082298271e+00
3.874957612135212504e+00
3.831405511047975221e+00
3.864505175752797062e+00
3.858500993562839820e+00
3.849896126725813161e+00
1.536370672064366616e+00
3.863122491906443745e+00
1.714413188414104283e+00
2.575856918580841981e+00
3.866821050648845848e+00
2.141017803254484875e+00
3.849811604711460777e+00
3.800691704332976428e+00
1.482505521504697832e+00
3.863676513781782784e+00
1.593283434851957558e+00
3.858005174269370841e+00
1.465465518151668256e+00
3.856965246370864353e+00
1.505819354461595427e+00
3.868692194650244165e+00
1.500774250433348556e+00
3.871661357594196051e+00
1.458787605068217363e+00
2.382830942070054636e+00
3.868153045373313947e+00
3.145422439484354182e+00
1.503775192488391976e+00
3.874379484381848648e+00
3.860258238854538781e+00
1.809359762134337135e+00
3.878303053499190689e+00
3.878822670146377494e+00
3.859706113544995265e+00
1.496224435230208538e+00
3.814383940707405163e+00
1.799630550870893408e+00
3.865561373231441333e+00
3.874542905554371419e+00
3.585684932971379357e+00
1.659784640698829250e+00
3.859575178866231138e+00
3.821393014096967189e+00
3.871803793666870330e+00
3.622315535668919395e+00
1.518942655048000745e+00
1.499261592771267804e+00
3.857797747333150173e+00
1.783047769113073500e+00
3.295318068508820364e+00
2.060282382347001118e+00
3.833959272716372713e+00
3.398076197882892391e+00
2.706057034505388703e+00
1.643545231522248962e+00
1.523408818719810043e+00
3.857157689990656113e+00
1.546996692862932399e+00
1.548069873446037192e+00
3.872556735470216172e+00
3.863750293446579054e+00
3.866821927549145776e+00
3.855596527834338705e+00
3.342881831168549756e+00
3.404348145266705483e+00
1.547362582784252094e+00
3.823171359813403836e+00
3.837531064628713739e+00
1.462089811333816769e+00
1.518767388095927373e+00
1.495641650129103883e+00
3.856511712850075657e+00
3.858796727453710051e+00
3.868907255739426621e+00
3.860499792992628798e+00
3.862268040254468460e+00
1.593135517169988358e+00
1.602052014651250467e+00
3.851715642452734123e+00
3.556269852570620227e+00
2.246925263737337364e+00
2.317485226526235564e+00
2.038121790911174624e+00
3.864341717752185268e+00
3.864941139185065655e+00
1.540874025677489545e+00
1.593212051521198713e+00
1.463297611323278069e+00
1.684659744425518468e+00
3.860099551647236726e+00
3.844216120880501020e+00
3.855797400193436086e+00
3.861119901704539892e+00
3.874640749909723070e+00
1.708808016302142629e+00
1.539202377173769509e+00
3.634867731055904994e+00
3.857884250012752592e+00
3.853190774432745602e+00
1.540691095512880970e+00
3.851768145395195742e+00
2.395480955199444484e+00
3.861196078008904298e+00
3.866628135132903932e+00
3.390519330094201589e+00
1.480184325436636250e+00
3.866392145057710561e+00
3.868680159526342255e+00
1.516989866000809872e+00
1.503023600815024619e+00
3.880921020915906183e+00
1.548069873446037192e+00
3.700944718016315971e+00
3.872669977255811080e+00
1.523654845567806504e+00
3.862770759789623032e+00
1.452820569288827190e+00
3.841521310824952185e+00
3.869957954370418118e+00
3.391973298424698857e+00
1.707228326404878427e+00
3.866308629645644146e+00
3.882209195106070432e+00
3.850653948943604465e+00
3.860896681852326928e+00
3.342589283617925400e+00
3.863368475005313663e+00
1.445416449298428052e+00
1.607222860769104145e+00
1.504129576536729740e+00
3.875544574887369809e+00
1.426862189021936622e+00
3.855883045659829644e+00
3.858045145812078136e+00
3.859900313993557930e+00
1.427358317416028477e+00
1.491506300984339006e+00
1.992757535645707012e+00
3.877176311786684426e+00
3.705550271125474193e+00
3.630917691883560394e+00
1.605701483236904537e+00
3.443645199152351566e+00
3.866243059921671943e+00
3.859484692960159169e+00
1.516692006799880144e+00
1.481405068584042084e+00
3.862343363507509064e+00
1.468163795403779837e+00
1.605698691133660372e+00
3.843020012065200497e+00
3.845733164794429282e+00
3.813710585631612027e+00
3.853111911804962375e+00
3.863675005154761255e+00
1.960710124322865067e+00
2.069663486417375520e+00
3.864573854833878830e+00
3.873579202577908998e+00
3.855050661296548942e+00
1.547975103635760075e+00
3.863240306785216571e+00
1.492740307049059023e+00
1.739259957190636197e+00
3.873790847653886704e+00
3.874831840684055617e+00
3.866749604389685846e+00
3.869080875463617009e+00
1.593352959010660097e+00
1.509889368722542535e+00
3.874809239094831437e+00
3.865593095549527902e+00
1.750381402144379539e+00
3.849095757986966237e+00
3.544265268471047392e+00
3.871433586467196708e+00
1.709193206821709499e+00
3.846600673185592623e+00
1.534696476435271961e+00
3.525107463505828154e+00
1.605666065133053877e+00
1.500737855461335535e+00
3.861001094557766411e+00
3.839148641038610865e+00
1.538192779723732695e+00
1.489687762666951798e+00
1.619371222573127156e+00
3.859448961359364549e+00
3.875544574887369809e+00
1.742339093637422121e+00
3.876118004635276115e+00
3.227579707461301517e+00
3.503519010877625295e+00
3.862141693393867925e+00
1.936425848046958720e+00
3.856424546733783654e+00
1.539369163380733152e+00
1.362536228885714795e+00
1.700146193249068460e+00
3.864860917351542025e+00
3.858084267530108136e+00
1.735512927904543368e+00
1.483639235539797596e+00
3.312277570697707230e+00
3.545760922236633306e+00
3.857342415699059668e+00
1.961821581916023405e+00
1.568639812887105744e+00
3.680387882629286178e+00
1.605649635659313290e+00
3.862715606155706638e+00
3.863435702634983038e+00
1.539563515978695118e+00
3.839107102407099514e+00
2.215975824948305917e+00
3.212055893611303947e+00
3.851728202093057885e+00
3.855571454196108139e+00
3.431299424935847053e+00
3.529386761037848874e+00
3.853881061749927284e+00
3.388698506094672158e+00
1.486458253577720878e+00
2.231722032521717303e+00
1.483062272188597319e+00
3.845227903588221974e+00
3.646433695961064814e+00
3.858063981962651656e+00
3.374687894055385051e+00
3.867194644653546565e+00
1.739259957190636197e+00
3.855730278661626986e+00
3.860067789491770984e+00
1.497436694613746511e+00
1.469596591572215338e+00
2.440098467721240727e+00
3.320284512889818185e+00
1.660758956376326978e+00
1.924592578335253545e+00
3.840823547924900883e+00
1.426270826901246735e+00
3.865212770360936023e+00
3.864607340709307781e+00
1.521057102783677895e+00
3.872309619985833340e+00
1.500756404863563542e+00
3.875238291121909207e+00
1.537140062704954069e+00
3.864920642691580976e+00
3.854136497979274267e+00
2.344740058368754543e+00
3.855236559911608296e+00
3.871449136986020889e+00
1.465351329771594990e+00
3.854696404939424337e+00
3.366895206177989319e+00
1.459712813838325296e+00
3.856390449493102057e+00
1.687257564214052596e+00
1.491335449951459502e+00
3.864117796335174493e+00
3.850835716940561593e+00
1.501477567484879927e+00
1.462616134836909332e+00
2.188720911547487269e+00
1.962768805690114249e+00
1.974211817611421615e+00
1.972206376129706396e+00
3.872310302093797230e+00
3.889848629373844791e+00
1.513041277161599307e+00
3.852149546275709380e+00
3.862329139781412568e+00
1.534621773268036282e+00
1.548151249439799759e+00
3.869982783085734734e+00
3.851715642452734123e+00
1.605740995019340644e+00
3.864485033917814061e+00
1.876543922621435101e+00
1.590826078783526221e+00
3.376864143214217240e+00
3.594368779683891013e+00
1.465331576733873487e+00
1.861116064276163495e+00
3.852985297200620440e+00
1.605933486420770606e+00
1.467333624731638420e+00
3.246357854914179164e+00
2.394553464869501713e+00
3.709938660553020018e+00
3.874040299729276438e+00
1.631065311538385743e+00
3.854595877772636126e+00
3.865725232542593037e+00
3.871287131914989299e+00
3.856535256588701888e+00
3.869801786886430506e+00
1.642120057967634050e+00
3.862210345539928813e+00
1.464914321604052105e+00
1.463110970195303118e+00
3.866742570943902724e+00
3.823277385639987980e+00
1.465380663374302728e+00
3.865592196672618552e+00
3.861363138392655880e+00
3.465216353886896972e+00
3.862254775339058366e+00
3.859643190611573793e+00
3.870279176271233634e+00
3.426290970041544259e+00
1.463299347756426005e+00
1.556482165844769394e+00
1.574755404343366028e+00
3.874588536319351295e+00
3.404296388973532483e+00
2.136737430583207864e+00
3.862438273437714287e+00
3.867299340584125833e+00
3.847573955203022145e+00
1.557815362404313397e+00
3.860276220110122392e+00
1.904688296480701482e+00
3.886408173585638171e+00
3.868926461244481807e+00
1.594289619936529512e+00
3.857155641660398704e+00
3.858025422772615176e+00
3.871522704655304015e+00
3.183760627538461563e+00
1.490313806318698475e+00
1.981575417910167225e+00
1.497832279011450662e+00
3.793075587047194830e+00
3.842518789930638334e+00
2.384260113585082497e+00
3.863046516372240280e+00
1.806510389340433953e+00
3.853104808382735058e+00
1.731241629180218400e+00
3.880001631987433530e+00
3.867467271866367184e+00
3.859754721446155390e+00
3.861039798964096548e+00
1.466467414004591685e+00
3.862343296560553974e+00
3.863240061714448892e+00
1.493075397505212898e+00
3.868382578433138264e+00
3.860713272879673585e+00
1.543662845087850677e+00
3.855839766532595192e+00
3.870730674298218155e+00
3.874157939866325062e+00
3.860461904283143841e+00
3.851014607777099030e+00
3.861678459151787646e+00
3.877762567493055368e+00
1.469841496668302661e+00
1.425748360546674753e+00
3.400033775405277403e+00
1.483321838062275244e+00
3.857115661031255804e+00
1.776196551892485598e+00
3.389664517452406489e+00
3.859219049987159700e+00
3.865987618909478840e+00
3.838376309084849503e+00
1.630952362141006251e+00
1.443564703542416616e+00
1.545366252879607050e+00
3.461675179280037096e+00
3.863183036671220538e+00
3.877402603362105626e+00
3.852785135956089402e+00
3.888739479719208081e+00
3.490015320542860788e+00
3.873066854592910335e+00
3.879875958862794239e+00
1.557057972648685951e+00
3.853685990500306691e+00
3.846105042088030057e+00
3.852174113449107207e+00
3.317482595620074637e+00
3.864721818259053254e+00
1.592312298337483778e+00
3.864342758068400663e+00
3.863378675992537037e+00
3.838169332371521580e+00
3.312379768363287180e+00
1.540067263335520575e+00
1.521915699362928365e+00
3.847964098692701729e+00
3.855396945025595379e+00
1.627787506207406754e+00
1.463224610656128188e+00
1.506539437306650075e+00
2.201915503721151079e+00
2.024823333739636411e+00
3.818211703037099003e+00
3.329188723735821309e+00
3.849981667813029418e+00
3.407785591397455516e+00
3.216349195471324141e+00
3.871759172837802243e+00
3.869868718872351732e+00
3.866261909558045051e+00
1.692489974770668315e+00
2.297945859438974558e+00
3.863255760143025963e+00
1.896682974956194201e+00
3.870561140139825884e+00
1.557159372956191223e+00
1.386420177855218760e+00
3.852994334737962934e+00
3.871277736324595597e+00
2.252309097665232684e+00
3.868504519885083592e+00
3.190478312470808042e+00
3.864111061703089600e+00
3.860997751488612462e+00
1.467228825638922984e+00
1.449843731843277528e+00
1.520310787137203246e+00
3.864043934543099468e+00
3.324767963401882742e+00
1.750463319365282100e+00
3.856827501956797466e+00
3.856602320354214353e+00
2.774148548601734987e+00
3.853172991247462154e+00
3.867440509276055316e+00
2.287852458100715580e+00
1.929070220167471650e+00
3.269154141241279454e+00
2.280715448994073302e+00
3.855797400193436086e+00
3.815623025313564565e+00
1.468276797465160044e+00
3.863157003608353790e+00
1.471396708959776145e+00
3.686561216722778589e+00
1.685675729514283905e+00
3.639140787444766545e+00
1.425777964732371839e+00
1.426706966635403084e+00
3.414558106444979924e+00
3.861501629322627860e+00
3.845864180867876403e+00
3.866307386838045090e+00
3.704908906868778828e+00
3.854546709959450368e+00
3.556269852570620227e+00
3.849653746701649393e+00
2.609560089853651732e+00
3.851082590468057898e+00
1.604639485630058982e+00
3.884710856763075260e+00
3.864889347127369756e+00
3.875656422320567174e+00
2.012381372750886133e+00
1.703981038038836715e+00
3.856378414271366850e+00
3.539275858572022315e+00
3.854421713382565784e+00
3.856451921679528994e+00
3.863163001257652329e+00
1.492336051086245785e+00
3.233088334971899958e+00
1.469160184834431782e+00
3.862643941053057084e+00
3.390674107588095065e+00
3.865033662369760759e+00
3.851835726187844866e+00
3.556269852570620227e+00
1.527066617828202411e+00
3.868663087474693452e+00
3.853752222631260160e+00
3.888939178759618809e+00
3.834696079146230563e+00
1.497684594222868260e+00
1.700550987346385767e+00
3.310424714507570254e+00
3.854072019963638240e+00
1.733011526431144311e+00
1.557026274726336368e+00
3.855058357640460454e+00
3.863780707129595537e+00
1.809923166177712872e+00
3.843899964644335032e+00
1.465261825881068791e+00
3.864688381333217126e+00
1.775212221229375942e+00
1.489689336251241336e+00
1.994057728160675058e+00
3.863018875756559556e+00
3.856810690346578419e+00
1.491128499903616511e+00
3.851166758214098707e+00
3.873522004080598879e+00
1.449300570406724997e+00
1.463205877187875092e+00
3.869228642925718553e+00
3.864117796335174493e+00
3.860770227652800646e+00
3.407785591397455516e+00
3.845577109837612362e+00
3.856867325993273976e+00
3.847588955277978950e+00
1.386341190851397176e+00
3.850386677931927348e+00
1.580200391408781879e+00
3.850576863354090662e+00
3.844005841574255289e+00
3.342881831168549756e+00
3.825103374750579377e+00
3.861922476294366025e+00
1.509132322114838942e+00
3.630017679402285591e+00
1.528011390093093613e+00
3.856185147606167707e+00
3.852060160961352064e+00
3.861360621535289805e+00
3.870271776752182813e+00
3.864229879536947632e+00
2.361833714260191730e+00
3.857283861721906071e+00
1.512240878401019728e+00
3.864628658312507792e+00
1.570603414910450191e+00
3.377183107712748100e+00
1.820116849624998423e+00
1.483053950074732619e+00
1.461995289294951927e+00
2.560488885027469852e+00
3.855792803919730005e+00
3.446051641802820864e+00
1.459400596224218916e+00
3.864360051827460563e+00
1.425444238337595593e+00
1.540446766187774763e+00
3.872090375968312959e+00
1.516951500711221534e+00
1.426934031258501712e+00
3.857446402757582327e+00
3.689585885758799311e+00
1.526964811914195419e+00
3.859112449991903393e+00
3.855807166331115088e+00
1.607329577646859242e+00
3.860413346404612422e+00
3.855976416921008454e+00
3.865824435085948974e+00
1.458571499959681717e+00
3.864043461190966866e+00
3.864688381333217126e+00
3.870637783481055916e+00
3.878957530445300783e+00
3.855592012551086523e+00
1.584181249197888164e+00
1.507178184915914265e+00
3.864928025633028064e+00
1.451164487562937033e+00
1.503507863942475264e+00
1.495652674769883284e+00
3.514533248392067488e+00
3.873965493172975894e+00
3.852381609297320875e+00
3.874542905554371419e+00
3.877502394099020311e+00
3.860004774944441053e+00
3.870327609748645870e+00
1.426955462493871618e+00
3.869489726321521328e+00
3.866270226282392031e+00
3.861250828349058306e+00
1.468442798511829572e+00
3.857914506729033022e+00
3.862454410037906793e+00
1.502889356613624994e+00
1.417491366712293921e+00
2.426968941554501935e+00
3.851014607777099030e+00
1.576406009495968874e+00
3.854514062142854414e+00
3.874150370991116699e+00
3.874163893219949806e+00
3.145865111862936825e+00
1.465198904527679868e+00
3.867256933173562228e+00
3.862887399215205075e+00
3.859113186310363819e+00
3.863435702634983038e+00
3.855035768586239531e+00
1.633043698035404834e+00
1.469122617227893279e+00
1.559423071247636461e+00
3.855164788913955309e+00
1.468323216195730030e+00
3.556269852570620227e+00
3.857882327986756454e+00
3.865401567076256040e+00
3.881831029888054285e+00
3.857736963446029232e+00
1.386362235184954717e+00
3.850581142917949062e+00
3.872835652322158762e+00
3.855872242627427227e+00
3.852586697502406565e+00
1.495208896681698540e+00
3.857995837532673722e+00
3.151889169433378157e+00
3.869199917990119975e+00
3.145283689049322984e+00
1.362842277046504513e+00
1.460203844325965949e+00
1.575197400781601864e+00
3.861685078426484896e+00
2.059082508087861640e+00
1.459960524669573712e+00
3.838740314561744693e+00
3.855421051273434596e+00
1.638795622222180892e+00
3.849795004556014533e+00
3.849015530339069180e+00
3.889594501057347831e+00
3.875671331148728971e+00
1.914555495985487799e+00
1.558148504637800080e+00
3.849247757420814597e+00
3.860265911069860945e+00
3.829495321303889366e+00
3.852751209404817967e+00
3.864049594657747999e+00
2.681493826511132106e+00
3.861826599044222430e+00
1.529527225914940392e+00
3.846857724938132606e+00
1.503301150743659775e+00
3.859562452257414567e+00
1.688359164447735594e+00
2.435266286348425790e+00
1.465362460785793353e+00
3.396050347740811493e+00
1.452493702376036921e+00
3.744581811656952031e+00
1.693729795793164516e+00
2.224573730580867714e+00
1.566826097170205490e+00
3.875100951225723733e+00
1.519524114078560917e+00
3.861309553694158847e+00
3.862358054755488102e+00
3.862246076357239044e+00
3.864485033917814061e+00
3.830358476900396436e+00
2.139148096924389009e+00
3.286130852295829019e+00
3.847917377440512876e+00
1.386288566406609579e+00
3.853072812012375170e+00
1.466369982439188924e+00
3.863506560196670492e+00
3.866041452833449465e+00
3.855637320951891933e+00
3.863281612202364546e+00
1.917016386319036148e+00
1.481517672502701721e+00
3.852982704290390803e+00
3.825245970290048092e+00
1.468793589727275695e+00
3.876653464318577935e+00
2.122826053530742385e+00
3.859813858372953543e+00
3.875331388712756731e+00
3.847445244652151874e+00
3.858773504720702796e+00
3.826988932885292183e+00
1.363439332576582785e+00
3.852947231167299424e+00
1.936962142232850681e+00
1.547925784263039173e+00
1.614364023375757906e+00
1.461201069741678182e+00
3.392483656391844793e+00
3.853503604063423627e+00
3.855717746451451600e+00
3.873711742740133968e+00
3.860414736192625096e+00
3.825499856705293578e+00
3.865289003983733540e+00
1.500780554821020907e+00
1.830355128491933936e+00
1.738899783213963879e+00
3.840086820523603617e+00
3.529386761037848874e+00
3.869516907965161234e+00
1.450889428646410462e+00
3.856780727736070613e+00
1.499324057473423455e+00
1.767246644141851952e+00
1.468336343219390994e+00
3.869702069751506102e+00
3.386684682036146476e+00
3.861309553694158847e+00
1.539637493631242915e+00
3.411121335353185291e+00
3.438945312003872434e+00
1.625779977118122055e+00
1.453526708184356586e+00
3.850721199751552692e+00
1.472109910526308685e+00
3.858876037655254443e+00
1.488088349413777767e+00
3.884992402153959024e+00
3.874653200894710103e+00
1.568401860126015457e+00
1.493154149016816312e+00
3.850907877851942107e+00
1.479157545602030943e+00
1.500878666112751780e+00
3.856918002639892595e+00
3.509689906537521775e+00
3.857545149782075189e+00
1.475860879246893465e+00
1.501857573662731760e+00
3.319587559497106266e+00
3.407785591397455516e+00
3.838422058096126133e+00
3.425337173831343840e+00
3.714887370339711392e+00
1.832309508617512517e+00
3.489959206625381505e+00
3.857986286684405020e+00
3.859365023874777645e+00
3.441000707582670071e+00
2.202620935174243844e+00
3.846896349122435943e+00
3.854604009048364421e+00
1.544203675861491210e+00
3.850573338526908085e+00
3.859662249979106452e+00
1.537819379608732273e+00
2.250188283814273937e+00
2.344740058368754543e+00
3.861908328155844394e+00
1.848668647157893030e+00
3.862096043549904767e+00
3.870209930261971909e+00
1.500780554821020907e+00
1.468598804382304834e+00
1.482958676224637173e+00
3.150740076695301539e+00
3.864313893632713270e+00
3.543585408406469295e+00
2.167983666974140355e+00
3.838751288974910025e+00
1.946442054339323935e+00
3.867968833400710515e+00
3.383206826062166162e+00
3.878249665060726326e+00
1.489679857557713483e+00
3.872835652322158762e+00
3.857014559136596521e+00
3.874658008280846389e+00
1.489686929213971389e+00
3.863321826705777617e+00
1.490247891608962316e+00
1.483442253619851048e+00
3.854984137883282980e+00
1.647148973130922123e+00
3.507370270961319481e+00
3.868864234647876099e+00
3.876736420079594403e+00
2.323418202621116979e+00
3.871647953944048481e+00
3.852436613599793613e+00
3.875280270793762138e+00
3.854755712646388499e+00
3.355649277096935723e+00
3.852922205454749616e+00
3.857586402160873007e+00
3.861541473256289603e+00
1.517414961238571447e+00
3.880684043289643004e+00
3.864144088792810017e+00
3.034934401045174202e+00
3.860004774944441053e+00
3.862487804860910590e+00
3.653594997555927204e+00
2.165735177453417926e+00
3.836533283207460787e+00
3.862778049491690791e+00
3.854279811325880267e+00
3.857077353666895636e+00
3.259216620759224803e+00
3.865191072760770563e+00
3.862694288121164110e+00
2.165593140796733262e+00
1.417498338437147343e+00
3.862380453065615615e+00
1.464198408692865883e+00
3.858071525667767343e+00
3.886534731383143093e+00
3.868367042970776826e+00
3.875544574887369809e+00
3.865832576326489356e+00
3.866211544691070312e+00
1.510567693801291522e+00
3.853061123577836700e+00
1.850519805108926441e+00
3.854671569024273658e+00
3.852425771059257098e+00
1.469509913698512804e+00
3.862347047821086843e+00
3.865643280582623742e+00
1.633090085348941845e+00
3.883547813152543160e+00
3.840825315603470624e+00
3.852852578898200431e+00
1.463183162850221208e+00
3.876125031031109280e+00
3.876118004635276115e+00
3.886321046724453776e+00
3.864505175752797062e+00
3.864306866044253663e+00
3.325955749510736137e+00
3.866472664783009439e+00
1.426579347423622579e+00
3.859582830897494876e+00
3.400594195235902450e+00
3.528728944767623776e+00
3.873216308010579034e+00
3.852705772844311483e+00
1.465299071582738755e+00
1.491120659025529260e+00
3.843020012065200497e+00
3.853884017979175791e+00
2.151728202994991346e+00
1.539228914233174983e+00
3.259592596823160715e+00
3.852639238331832860e+00
1.458582685756903086e+00
3.875237561913058126e+00
3.882209195106070432e+00
3.878647384914204910e+00
1.621691368261079180e+00
3.880153097921545946e+00
1.495561660311779839e+00
3.844442519341570108e+00
3.831096945179853552e+00
1.426776942654209179e+00
1.472504444032958215e+00
3.860313281496321469e+00
3.851301784778723647e+00
3.854271971288193210e+00
3.856767423022530394e+00
3.851346867285170283e+00
1.979061861685415202e+00
3.864422425739201916e+00
3.871934733991530653e+00
3.868628553041935092e+00
1.518768654337761870e+00
3.871838248805646199e+00
3.866594085589084795e+00
2.332096166182310970e+00
1.452811318972899279e+00
3.859312586522336108e+00
2.272518489359918181e+00
3.865808379331402200e+00
3.863710837634436235e+00
1.385929871630562360e+00
3.869168234592609057e+00
3.699798118098442945e+00
3.743397040895349637e+00
3.879562091689237047e+00
3.862331628070935441e+00
1.458623744220019613e+00
3.254692935325801617e+00
3.877189833608261083e+00
3.465126834684306267e+00
3.863702301011710194e+00
3.882704461542854535e+00
3.855164788913955309e+00
1.429671487302357047e+00
3.864032112959681076e+00
1.507118238397544996e+00
3.845116480987035512e+00
1.386159186165719870e+00
3.883052851759848156e+00
3.349995293643816208e+00
3.859211242437289080e+00
3.386953162363549819e+00
3.870845139783897881e+00
3.510725305504014404e+00
1.471186394393709573e+00
3.875745119430505259e+00
1.539862097061201585e+00
2.235762464481353629e+00
3.889763911951013231e+00
3.865823610203652727e+00
3.860308154681594939e+00
3.864148831501265313e+00
1.493692916478054578e+00
3.860136046229920570e+00
3.865245547108324242e+00
3.868272378867722683e+00
1.593258305304825928e+00
1.519349042816092066e+00
2.813004488228345590e+00
3.856820428362523590e+00
1.468796813044217497e+00
1.521664310531379627e+00
2.055548841028949525e+00
3.665289063493241350e+00
3.855906080460166585e+00
1.483114469510610434e+00
3.867831589321317765e+00
3.867442341390515903e+00
3.875132335076286516e+00
3.859004596421418132e+00
1.463422252151628022e+00
3.869131640137208894e+00
1.569191409803996962e+00
1.514413405243846267e+00
1.468784490655270947e+00
1.482985208144005806e+00
1.863092931845699241e+00
2.231093675525178455e+00
3.352318140796603618e+00
3.862162866991281085e+00
3.307503566896827341e+00
3.842134276073574384e+00
3.856180534872593046e+00
3.859448961359364549e+00
3.067287343560061164e+00
3.852674918418731664e+00
3.855164788913955309e+00
3.871647953944048481e+00
3.323859290758397478e+00
2.181766358135411643e+00
3.851537481480570069e+00
3.875729171367411130e+00
1.699815661276985690e+00
3.862991047493393726e+00
1.461201069741678182e+00
3.345333482220805621e+00
3.266045462953036438e+00
3.782175331441730570e+00
3.854610718431972227e+00
3.392418348379881987e+00
3.866083255823650866e+00
3.854372042085434824e+00
1.494544998757536547e+00
3.326954473492310882e+00
3.855727718273674220e+00
3.870653539095327833e+00
3.845446185940442962e+00
3.868398603527776647e+00
1.600522846856148096e+00
2.252519877643765156e+00
3.861965889458879975e+00
3.845130091736479017e+00
3.860717801986729203e+00
1.557159372956191223e+00
3.799574817218572598e+00
3.854711483797184091e+00
3.869187793692362209e+00
2.367843614868108570e+00
3.861919393420118585e+00
3.482684566144297111e+00
3.872835652322158762e+00
3.856802443549149473e+00
1.558815434865250982e+00
3.872964322016634320e+00
3.855164788913955309e+00
3.354036081794411484e+00
3.888489831141649145e+00
3.309486651284017977e+00
3.860338986788524718e+00
1.629243532184030396e+00
3.495191927974546253e+00
3.856968749928881390e+00
3.859387132241252072e+00
1.505510007672476558e+00
3.861809502519035320e+00
1.545460205214471472e+00
3.864854622128420125e+00
3.862244814352360667e+00
3.859133810603837755e+00
2.239298517286528512e+00
3.866521644893841092e+00
3.862525410790428104e+00
3.763112722250558040e+00
3.858620313320844541e+00
3.870531124116601607e+00
3.862400505638930337e+00
1.461130470708082996e+00
3.371403944385592766e+00
1.531112273825289805e+00
3.438147749928229135e+00
3.294672490113342622e+00
1.386348228654394443e+00
1.483689233692842002e+00
3.865015355799311436e+00
2.326320931255903890e+00
3.770111093214965958e+00
2.065002518292544664e+00
3.873506267892421029e+00
3.865436575791250551e+00
2.237566601814194645e+00
3.331292903285140827e+00
3.856358348251068602e+00
1.607290577787454211e+00
3.887499844745945676e+00
1.518871541144711568e+00
1.464112949031352251e+00
1.878219234031562213e+00
3.873064483784168122e+00
3.879432081310354441e+00
1.492914393942677886e+00
1.469503175011514617e+00
3.862091090200958199e+00
3.881533533151830806e+00
1.545981098215225558e+00
3.849677565531176793e+00
3.617322677939809328e+00
3.860509933440966712e+00
3.878643485909026634e+00
1.972522840927039667e+00
3.861105627611359559e+00
3.869411989814012465e+00
1.495162365217723277e+00
3.278710829128709481e+00
3.870947252711732567e+00
3.852970932424845341e+00
1.671172558920546614e+00
1.549036367356347199e+00
3.855024929780116683e+00
3.227579707461301517e+00
3.856503604536669627e+00
3.846532877481405155e+00
1.460035315134104561e+00
3.870075824466602477e+00
1.481405068584042084e+00
1.572334902343269114e+00
3.867601679363829703e+00
3.861829463812350038e+00
1.793215455122636914e+00
3.857688418494307658e+00
3.468908422550791126e+00
3.854367521870042612e+00
3.851768145395195742e+00
3.833712394227321685e+00
3.870459499307638662e+00
1.558162322008866951e+00
3.864772296692717379e+00
3.415087342188418251e+00
3.862240227755490363e+00
3.852418202611268772e+00
1.547842624502372644e+00
3.457086257621857950e+00
3.851647473403693400e+00
3.858617375331209853e+00
3.864032975495702349e+00
3.879962889132833492e+00
3.849868110868436499e+00
1.561936800240213863e+00
3.870858872256820238e+00
1.440528802464078328e+00
3.851376214106707163e+00
3.869411120857416897e+00
3.880722549561490098e+00
3.861426547833639589e+00
1.749742009219902528e+00
3.859742491781858131e+00
1.825955391370591485e+00
3.850370718851266805e+00
3.308413353052554573e+00
3.864751903364364694e+00
3.355478559645341807e+00
3.872310302093797230e+00
1.560655134723937021e+00
3.868628553041935092e+00
3.277724496875617621e+00
3.865545929964854022e+00
1.471077347897048249e+00
3.855771346524439647e+00
3.860946819263465724e+00
3.864567995084712937e+00
1.502602156641267062e+00
3.852865110403961069e+00
3.437238735253709709e+00
1.537381427094811404e+00
3.868867339041706543e+00
1.491941714606294322e+00
1.506991547752905003e+00
3.727075037340812802e+00
3.876315455269106369e+00
3.866168952074777287e+00
1.544269054659418661e+00
3.871011042321215623e+00
1.509073665932092911e+00
1.463224610656128188e+00
3.288231818044876409e+00
3.852850005822296975e+00
3.518375244859094142e+00
3.846296317230394113e+00
3.367026752394791433e+00
1.468384936777159311e+00
3.872003661721247436e+00
3.852674918418731664e+00
2.081850023089420798e+00
3.309575823716387699e+00
3.837397611552413768e+00
1.512733244426854640e+00
1.879159310105569247e+00
3.864117796335174493e+00
1.492243940195569607e+00
3.853098320751048522e+00
3.854948380159755050e+00
3.457717250372657869e+00
1.658184560295778986e+00
3.877838823425932002e+00
1.563410688176698482e+00
3.879266991574631618e+00
1.458588860525089181e+00
3.431433574926737951e+00
3.852055830967223482e+00
1.513417729334192607e+00
1.911239243659103249e+00
3.849459643539586917e+00
3.864198404893752770e+00
3.852753108088254219e+00
2.241856852101454578e+00
3.312674046202513711e+00
3.889594501057347831e+00
1.501949641373917288e+00
3.838672374231435480e+00
3.867204144560130175e+00
2.311011365447668275e+00
3.887099021222697903e+00
3.876197906561178019e+00
1.486243202003087571e+00
3.840825315603470624e+00
3.855480213155844549e+00
3.880401361406732530e+00
3.389523382604656465e+00
1.425765490290146431e+00
3.858524421731483578e+00
3.847528325551706985e+00
3.873976907473406062e+00
1.465359490197255532e+00
3.858842258835282646e+00
1.538287269786762668e+00
3.475142766766276203e+00
3.873160383422212139e+00
3.862035932233664592e+00
2.634317656533491370e+00
3.858305399884737863e+00
1.468323216195730030e+00
1.898417735041476373e+00
3.857980964584694750e+00
3.871830753424380323e+00
3.854061096043728707e+00
1.466606313694955421e+00
3.866022260710375580e+00
3.837032206725170536e+00
3.858771446884547984e+00
1.491599153752429352e+00
3.361875003464902090e+00
3.855842812600082326e+00
1.449608871152292089e+00
3.868205170176529428e+00
1.513457400082359516e+00
2.276740656301299737e+00
1.458596433724673957e+00
3.637214905729854841e+00
1.498654992399966357e+00
3.850347086657862850e+00
3.858941039354280456e+00
2.255096816470044896e+00
3.871381942867416992e+00
1.575197400781601864e+00
3.864135093182311298e+00
3.872759827986353542e+00
3.398291026678713411e+00
3.869784923539083987e+00
1.492652426556046130e+00
3.298928319731834424e+00
3.867405851314605236e+00
1.518768654337761870e+00
1.818714921830662856e+00
3.870675383502351519e+00
3.854890028007623481e+00
2.156511706461135880e+00
3.377132199584053307e+00
3.859413463203765549e+00
3.866288572057680728e+00
1.967051231778546239e+00
1.458576867644269193e+00
3.857593229817843916e+00
3.855004556817431816e+00
3.863762051879775061e+00
1.607267082512294554e+00
1.538456736216699650e+00
1.748755800057673504e+00
3.863550365553745092e+00
3.882209195106070432e+00
3.865760085007814872e+00
1.794722509271038380e+00
3.853186237368500411e+00
3.845599594419907508e+00
3.866308629645644146e+00
3.853503604063423627e+00
3.860172684501793405e+00
3.870617932580654674e+00
3.880116058476424268e+00
1.426955462493871618e+00
1.495484105734692815e+00
3.853926166822483790e+00
3.854367521870042612e+00
1.569022337664844891e+00
3.817411780760930018e+00
1.468494007809553192e+00
3.854378925596300576e+00
3.874332430669726879e+00
3.477675336455233968e+00
3.865674696290817725e+00
3.786277112588050553e+00
1.502964716494557429e+00
1.471482697329592693e+00
3.859156608289281198e+00
3.374687894055385051e+00
3.859464380996769695e+00
1.501947104177755676e+00
3.861125848248160963e+00
3.858013420191841458e+00
3.887499844745945676e+00
1.565808689765876949e+00
3.867560293195665633e+00
1.512659855818064170e+00
3.851010468604733727e+00
2.296235046362905763e+00
2.121304701621472333e+00
3.864802785975134825e+00
3.377202156953956536e+00
1.568634002659430315e+00
1.522232576780664370e+00
3.869523278814947176e+00
1.406740673615492820e+00
1.417673686593513338e+00
3.331916752518084390e+00
3.858829527818183891e+00
3.862248871044214660e+00
3.865073953422227593e+00
1.837237805725947304e+00
3.861636751019584146e+00
3.809365847274480021e+00
3.151574536190349995e+00
1.581101666978285358e+00
2.608982835414010104e+00
3.876031113163164843e+00
1.456554217765863690e+00
1.459712813838325296e+00
1.468837129362861482e+00
1.883600442574433487e+00
3.747254205005681627e+00
3.876190626448462240e+00
3.854539843366118657e+00
1.458622399787932178e+00
2.098936178584153822e+00
3.864428425557698166e+00
1.570520978357070607e+00
3.854839788242724108e+00
3.854076179816002590e+00
2.195979015414277313e+00
3.846122968507425188e+00
3.867561501186547179e+00
3.844277114543503959e+00
1.464198408692865883e+00
3.859448961359364549e+00
3.586084750662483334e+00
3.864511782528628370e+00
3.310222563399336515e+00
1.631574006919287001e+00
3.861039798964096548e+00
1.477419065974616696e+00
1.525355531426324962e+00
3.877688151654611115e+00
3.337354238698859721e+00
3.861953346312719138e+00
3.865463572138218673e+00
3.862416435602909370e+00
1.482509087985347751e+00
3.872834354694683956e+00
3.852686526359335506e+00
1.426471890840962153e+00
3.864709351203780230e+00
2.348510599492117823e+00
3.424178262591204724e+00
3.814687729014917483e+00
3.854903157539710357e+00
3.873101022495098800e+00
3.869021660744504931e+00
3.860602080790471735e+00
1.539313695245023261e+00
1.486047047662550913e+00
1.463578174276461752e+00
3.862550040999725542e+00
3.812273647790709763e+00
3.844080641942183796e+00
3.487003288851969085e+00
3.860420315892649779e+00
3.870036981636996387e+00
3.859211242437289080e+00
3.854943860102265862e+00
3.869902511899212083e+00
3.018999983064724280e+00
1.858289346280153076e+00
3.860259282440170470e+00
1.426530697210465881e+00
3.860222342047980426e+00
3.858760170872367112e+00
3.840017912282032153e+00
3.885978550963252953e+00
3.842525836175183951e+00
3.859813858372953543e+00
3.854409225910852665e+00
3.879328010156530393e+00
1.463615211084498213e+00
3.834815729809469165e+00
3.870442598478657015e+00
3.876151772153696662e+00
3.853478390447859336e+00
3.865960319119165600e+00
3.379836434425511182e+00
3.864966257216599477e+00
1.463290284506943983e+00
1.468743460287257996e+00
1.736604813085442345e+00
1.450447624015563708e+00
3.856645839634030626e+00
1.597950388504462804e+00
3.868919998322714271e+00
2.605388064986429608e+00
3.520169147653878561e+00
3.388980030743556693e+00
3.860699571527625995e+00
1.489681931704903484e+00
1.458638933662499415e+00
1.490412436108032423e+00
3.876453677865734804e+00
3.864094201942753326e+00
3.327550680123801286e+00
1.779082987229303470e+00
1.483041051996844217e+00
3.862182097280740134e+00
1.489717144606921284e+00
3.849986776697236213e+00
3.862820946780768150e+00
1.526726011646285741e+00
1.458528048933939392e+00
1.518717372503606722e+00
3.852864845860331400e+00
1.555511369681458866e+00
1.682021305408858858e+00
2.151667274478020975e+00
3.859180203033417911e+00
1.798839233208191946e+00
3.869095365769160466e+00
2.041493859894854435e+00
1.483038383723459752e+00
2.311993265008380760e+00
1.479142938522874928e+00
3.851042942419491855e+00
3.875324678188846850e+00
3.260050691045907723e+00
3.845594592959144631e+00
3.860510110540734008e+00
1.763941528370022827e+00
3.363015664992374365e+00
3.300477982831849122e+00
3.889635925608566414e+00
2.067133694879840000e+00
3.401851793770685806e+00
3.863780707129595537e+00
3.871136246073909160e+00
1.715885056737237235e+00
1.712236855562062399e+00
1.426616028280776938e+00
3.874013727077511238e+00
3.863293609268639628e+00
1.574910832844262920e+00
3.860922375944627838e+00
1.550193266691989535e+00
3.853609390286435232e+00
2.216899157241665641e+00
3.878250067821207736e+00
3.859503677498967722e+00
3.817872332697805238e+00
1.458580994871133019e+00
3.855571454196108139e+00
3.855004556817431816e+00
1.560475324089170890e+00
3.858776234174976505e+00
3.858572159163010884e+00
1.522915587113608193e+00
1.464780997812257013e+00
3.856827501956797466e+00
3.873569275351534280e+00
1.573422219902745223e+00
1.697813023543173205e+00
3.868521045060998365e+00
3.419327599780901394e+00
1.812341579495733601e+00
1.992186037597015957e+00
3.872835652322158762e+00
3.853026627372857948e+00
3.872620388971567795e+00
1.493077578000361783e+00
3.342881831168549756e+00
1.479187582771977372e+00
1.499683222123552095e+00
3.873583454541399629e+00
3.454442823230680748e+00
3.301375978352065310e+00
3.878354814491380420e+00
1.605654886368621082e+00
2.478087886825452113e+00
3.850478526990791739e+00
3.837894122730065583e+00
3.861832413300381628e+00
1.468743460287257996e+00
3.871470767435393867e+00
1.468743460287257996e+00
3.658443129490394075e+00
3.849361917736652927e+00
3.864811599446697610e+00
1.555594220745021516e+00
3.863580018331256305e+00
1.605648924905711095e+00
3.843760121508012162e+00
3.770213839036686387e+00
3.859352969327150440e+00
3.863352723331833882e+00
3.338554378708087800e+00
1.499924930232520381e+00
1.538352842062577608e+00
3.857291333953350776e+00
1.483186185714148841e+00
1.471953050150747622e+00
3.862131959074368126e+00
3.873383908371787587e+00
3.376461242861544143e+00
3.845506005107843794e+00
3.873285099991022218e+00
1.547298851326476488e+00
1.539897644156110967e+00
3.864117796335174493e+00
3.873972808035971660e+00
3.185463388546484698e+00
1.671098475403457684e+00
1.846326674094883380e+00
3.448081684981537443e+00
3.685863059707875866e+00
1.399694378956664931e+00
1.569992711434564647e+00
3.859299615722023180e+00
3.458633626856908005e+00
1.468863465944772351e+00
1.780173848239479995e+00
3.274710438688795744e+00
3.837840627801440530e+00
3.855370171763056408e+00
3.852098457502839413e+00
1.506475014276324575e+00
3.860074941031823581e+00
1.592434524354672476e+00
3.424638199987651177e+00
3.867288438675749784e+00
1.425179120720990511e+00
3.861388386058988598e+00
3.847487900399239269e+00
3.817411780760930018e+00
1.572772091274436956e+00
3.872835652322158762e+00
1.501250807640337026e+00
3.861039798964096548e+00
3.372869108485267553e+00
3.851867665366173643e+00
1.459979366821261948e+00
3.874207415310207292e+00
1.817461832343552963e+00
3.450369757848683161e+00
2.242516589606352362e+00
3.863507178999878722e+00
1.672744231344312826e+00
1.362639802321347293e+00
1.468822167076452079e+00
2.236745896209558548e+00
3.848856438918070833e+00
3.856820989805888278e+00
1.468322250225495118e+00
2.655370039113815306e+00
3.461681440276056509e+00
2.020636884288637525e+00
1.538190354034981944e+00
3.852017594921032906e+00
1.465278287535660695e+00
3.851835726187844866e+00
3.827851469634771409e+00
3.333890475355529404e+00
3.877176311786684426e+00
3.269569170773810374e+00
3.804886465454911715e+00
3.875768432515305673e+00
3.334630201534008354e+00
1.487358835340571783e+00
3.844430171256305595e+00
1.450884375392561321e+00
3.238163187852273861e+00
1.503775192488391976e+00
3.420860990891274156e+00
3.851876060512974487e+00
3.862583571104653224e+00
3.858854770131128653e+00
3.866197221821244145e+00
3.869373075235275738e+00
3.886321046724453776e+00
3.856670435918283069e+00
1.492886103409656773e+00
3.851368571840402932e+00
2.190138736072807291e+00
1.500889302802278724e+00
3.873965493172975894e+00
1.506475014276324575e+00
3.886325628274294619e+00
3.217476262916903806e+00
3.850989845461945560e+00
3.861081639568700208e+00
1.862563131240475123e+00
3.870263420139175903e+00
3.856123657806746596e+00
3.795267465275271590e+00
3.852586768097128189e+00
2.217784127972947772e+00
1.468322250225495118e+00
3.857327199620762759e+00
3.790625247513133456e+00
3.733633135714200080e+00
1.399674544669425202e+00
3.822952021687608948e+00
3.539275858572022315e+00
3.487027640200952572e+00
3.852418202611268772e+00
3.856587143686315944e+00
1.505759198886905015e+00
1.755312560710362568e+00
3.872835652322158762e+00
3.877258365710533727e+00
3.715971626229894298e+00
3.868527674334419686e+00
2.118789368596080802e+00
1.767246644141851952e+00
3.861309453358411137e+00
3.714600794226993852e+00
3.854415370647132466e+00
3.371973251274763772e+00
3.850959154276217600e+00
1.461318981772219416e+00
1.723234065783257218e+00
3.846464774181557189e+00
1.806015278411557290e+00
3.863029370499785564e+00
1.822636572148789380e+00
3.875544574887369809e+00
1.425236832094830319e+00
1.504616605360003856e+00
1.980073400142330797e+00
3.849814639669749461e+00
3.859582835820306368e+00
3.863153343854926813e+00
1.494398305817347339e+00
1.415115505023034626e+00
3.862411674510331405e+00
3.871726457698685397e+00
3.849896126725813161e+00
3.837087820856094567e+00
3.877824833485630229e+00
2.141333698780667483e+00
3.855164788913955309e+00
1.474941574742695494e+00
3.849641541283017165e+00
3.353433080274224043e+00
3.859189378921361158e+00
1.479207626954111454e+00
2.269739720676742234e+00
1.468297557521709873e+00
3.860791742785210090e+00
3.867724443350894159e+00
1.437259694266765919e+00
3.851835726187844866e+00
1.605632437031069948e+00
1.656381104674276017e+00
3.427834395759863373e+00
3.888940597272874999e+00
1.604440270265805601e+00
1.555344050776896303e+00
1.460470721043185094e+00
3.338396819822642136e+00
1.660011089087631841e+00
3.870915280098973899e+00
3.857884250012752592e+00
3.862045929478700845e+00
1.574146819787094476e+00
3.863243378271802531e+00
3.848868240521430284e+00
3.320284512889818185e+00
3.565962863468858490e+00
3.863916265199108580e+00
1.644869161482716002e+00
1.883286322914718092e+00
1.462907820579085527e+00
3.854839788242724108e+00
3.861388603019512367e+00
3.861470231154249255e+00
3.850336323330102228e+00
1.495156913462696746e+00
3.224990856152210039e+00
2.137484057766844803e+00
2.900945831425896682e+00
3.851195261731810593e+00
3.870125323947866569e+00
3.865523930746941783e+00
3.855895230425837372e+00
3.864812778889017864e+00
3.863264283110817487e+00
3.866670156064043962e+00
3.748888069270328138e+00
1.767246644141851952e+00
3.845161860087340511e+00
3.292351065281113431e+00
3.874314855667361446e+00
3.870330891889516511e+00
3.827364154795941609e+00
3.850573338526908085e+00
3.879491175149472504e+00
1.569301942460799015e+00
2.231093675525178455e+00
3.871136246073909160e+00
3.511228983476582854e+00
3.871796709350387999e+00
3.881561787465691804e+00
3.572524955300615535e+00
3.880182232968991229e+00
1.605366123333180184e+00
3.853299408992381103e+00
3.861942473707538959e+00
1.426831381982928360e+00
